-2.7	1.67611
-2.68127	1.68839
-2.66254	1.70064
-2.64381	1.71281
-2.62508	1.72487
-2.60635	1.73677
-2.58763	1.74849
-2.5689	1.75997
-2.55017	1.77119
-2.53144	1.78211
-2.51271	1.79267
-2.49398	1.80286
-2.47525	1.81263
-2.45652	1.82194
-2.43779	1.83076
-2.41906	1.83904
-2.40033	1.84675
-2.38161	1.85385
-2.36288	1.8603
-2.34415	1.86606
-2.32542	1.8711
-2.30669	1.87537
-2.28796	1.87885
-2.26923	1.88148
-2.2505	1.88324
-2.23177	1.88408
-2.21304	1.88397
-2.19431	1.88287
-2.17559	1.88076
-2.15686	1.87771
-2.13813	1.87374
-2.1194	1.86892
-2.10067	1.86329
-2.08194	1.8569
-2.06321	1.8498
-2.04448	1.84204
-2.02575	1.83366
-2.00702	1.82471
-1.98829	1.81525
-1.96957	1.80532
-1.95084	1.79497
-1.93211	1.78424
-1.91338	1.7732
-1.89465	1.76188
-1.87592	1.75034
-1.85719	1.73862
-1.83846	1.72677
-1.81973	1.71484
-1.801	1.70288
-1.78227	1.69094
-1.76355	1.67907
-1.74482	1.66731
-1.72609	1.65571
-1.70736	1.64433
-1.68863	1.63321
-1.6699	1.62236
-1.65117	1.61179
-1.63244	1.60149
-1.61371	1.59147
-1.59498	1.5817
-1.57625	1.5722
-1.55753	1.56296
-1.5388	1.55397
-1.52007	1.54524
-1.50134	1.53675
-1.48261	1.52851
-1.46388	1.52053
-1.44515	1.5128
-1.42642	1.50533
-1.40769	1.49814
-1.38896	1.49122
-1.37023	1.48459
-1.35151	1.47825
-1.33278	1.47221
-1.31405	1.46646
-1.29532	1.46103
-1.27659	1.45591
-1.25786	1.45112
-1.23913	1.44665
-1.2204	1.44252
-1.20167	1.43873
-1.18294	1.43528
-1.16421	1.43219
-1.14548	1.42946
-1.12676	1.4271
-1.10803	1.42511
-1.0893	1.4235
-1.07057	1.42228
-1.05184	1.42145
-1.03311	1.42101
-1.01438	1.42099
-0.995652	1.42137
-0.976923	1.42217
-0.958194	1.4234
-0.939465	1.42506
-0.920736	1.42715
-0.902007	1.42969
-0.883278	1.43267
-0.864548	1.43611
-0.845819	1.43998
-0.82709	1.4443
-0.808361	1.44905
-0.789632	1.45423
-0.770903	1.45984
-0.752174	1.46587
-0.733445	1.47232
-0.714716	1.47919
-0.695987	1.48646
-0.677258	1.49415
-0.658528	1.50223
-0.639799	1.51072
-0.62107	1.5196
-0.602341	1.52887
-0.583612	1.53852
-0.564883	1.54857
-0.546154	1.55898
-0.527425	1.56978
-0.508696	1.58094
-0.489967	1.59247
-0.471237	1.60437
-0.452508	1.61661
-0.433779	1.62921
-0.41505	1.64214
-0.396321	1.6554
-0.377592	1.66899
-0.358863	1.68289
-0.340134	1.69711
-0.321405	1.71162
-0.302676	1.72643
-0.283946	1.74153
-0.265217	1.75691
-0.246488	1.77256
-0.227759	1.78848
-0.20903	1.80466
-0.190301	1.82108
-0.171572	1.83775
-0.152843	1.85466
-0.134114	1.87179
-0.115385	1.88915
-0.0966555	1.90672
-0.0779264	1.9245
-0.0591973	1.94248
-0.0404682	1.96065
-0.0217391	1.979
-0.00301003	1.99753
0.0157191	2.01623
0.0344482	2.0351
0.0531773	2.05412
0.0719064	2.07329
0.0906355	2.09259
0.109365	2.11204
0.128094	2.13161
0.146823	2.15129
0.165552	2.17109
0.184281	2.191
0.20301	2.211
0.221739	2.2311
0.240468	2.25128
0.259197	2.27154
0.277926	2.29188
0.296656	2.31227
0.315385	2.33273
0.334114	2.35323
0.352843	2.37378
0.371572	2.39437
0.390301	2.41498
0.40903	2.43562
0.427759	2.45628
0.446488	2.47694
0.465217	2.49761
0.483946	2.51828
0.502676	2.53893
0.521405	2.55957
0.540134	2.58018
0.558863	2.60076
0.577592	2.6213
0.596321	2.64179
0.61505	2.66224
0.633779	2.68262
0.652508	2.70294
0.671237	2.72319
0.689967	2.74335
0.708696	2.76343
0.727425	2.78342
0.746154	2.80331
0.764883	2.82309
0.783612	2.84275
0.802341	2.8623
0.82107	2.88172
0.839799	2.901
0.858528	2.92014
0.877258	2.93913
0.895987	2.95797
0.914716	2.97665
0.933445	2.99517
0.952174	3.01352
0.970903	3.03173
0.989632	3.04977
1.00836	3.06767
1.02709	3.08542
1.04582	3.10303
1.06455	3.1205
1.08328	3.13782
1.10201	3.15501
1.12074	3.17207
1.13946	3.18899
1.15819	3.20579
1.17692	3.22246
1.19565	3.23901
1.21438	3.25544
1.23311	3.27175
1.25184	3.28795
1.27057	3.30404
1.2893	3.32001
1.30803	3.33589
1.32676	3.35165
1.34548	3.36732
1.36421	3.38288
1.38294	3.39834
1.40167	3.4137
1.4204	3.42896
1.43913	3.44412
1.45786	3.45918
1.47659	3.47415
1.49532	3.48902
1.51405	3.50379
1.53278	3.51847
1.55151	3.53305
1.57023	3.54754
1.58896	3.56194
1.60769	3.57625
1.62642	3.59046
1.64515	3.60459
1.66388	3.61863
1.68261	3.63258
1.70134	3.64644
1.72007	3.66021
1.7388	3.6739
1.75753	3.6875
1.77625	3.70102
1.79498	3.71446
1.81371	3.72782
1.83244	3.74112
1.85117	3.75442
1.8699	3.76776
1.88863	3.78117
1.90736	3.7947
1.92609	3.8084
1.94482	3.82231
1.96355	3.83647
1.98227	3.85093
2.001	3.86572
2.01973	3.8809
2.03846	3.89649
2.05719	3.91256
2.07592	3.92914
2.09465	3.94626
2.11338	3.96399
2.13211	3.98236
2.15084	4.00141
2.16957	4.02118
2.18829	4.04173
2.20702	4.06309
2.22575	4.0853
2.24448	4.10842
2.26321	4.13247
2.28194	4.15751
2.30067	4.18358
2.3194	4.21073
2.33813	4.23898
2.35686	4.2684
2.37559	4.29901
2.39431	4.33087
2.41304	4.36401
2.43177	4.39842
2.4505	4.43405
2.46923	4.47085
2.48796	4.50876
2.50669	4.54775
2.52542	4.58776
2.54415	4.62875
2.56288	4.67066
2.58161	4.71345
2.60033	4.75707
2.61906	4.80146
2.63779	4.84659
2.65652	4.8924
2.67525	4.93884
2.69398	4.98587
2.71271	5.03343
2.73144	5.08149
2.75017	5.12998
2.7689	5.17885
2.78763	5.22807
2.80635	5.27759
2.82508	5.32734
2.84381	5.37729
2.86254	5.42739
2.88127	5.47758
2.9	5.52783
